00000000
00010100
00010100
00010100
00010100
00010100
00010100
00010100
00010100
00010100
00010100
00010100
00010100
00010100
00010100
00010100
00000010
00000010
00000010
00000010
00000010
00000010
00000010
00000010
00000010
00000010
00000010
00000010
00000010
00000010
00000010
00000010
00000100
00000100
00000100
00010100
00000100
00000100
00000100
00010100
00000100
00000100
00000100
00010100
00000100
00000100
00000100
00010100
00000010
00000010
00000010
00000010
00000010
00000010
00000010
00000010
00000010
00000010
00000010
00000010
00000010
00000010
00000010
00000010
00000010
00000010
00000010
00000010
00000010
00000010
00000010
00000010
00000010
00000010
00000010
00000010
00000010
00000010
00000010
00000010
00000010
00000010
00000010
00000010
00000010
00000010
00000010
00000010
00000010
00000010
00000010
00000010
00000010
00000010
00000010
00000010
00000010
00000010
00000010
00000010
00000010
00000010
00000010
00000010
00000010
00000010
00000010
00000010
00000010
00000010
00000010
00000010
00000010
00000010
00000010
00000010
00000010
00000010
00000010
00000010
00000010
00000010
00000010
00000010
00000010
00000010
00000010
00000010
00000010
00000010
00000010
00000010
00000010
00000010
00000010
00000010
00000010
00000010
00000010
00000010
00000010
00000010
00000010
00000010
00000011
00000011
00000011
00000011
00000011
00000011
00000011
00000011
00000011
00000011
00000011
00000011
00000011
00000011
00000011
00000011
00000101
00000101
00000101
00010100
00000101
00000101
00000101
00010100
00000101
00000101
00000101
00010100
00000101
00000101
00000101
00010100
00001000
00001000
00001000
00001000
00000101
00000101
00000101
00010100
00000101
00000101
00000101
00010100
00000101
00000101
00000101
00010100
00000110
00010100
00010100
00000110
00000110
00010100
00010100
00000110
00000110
00010100
00010100
00000110
00000110
00010100
00010100
00000110
00001100
00010100
00001110
00010100
00001100
00010100
00001110
00010100
00001100
00010100
00001110
00010100
00001100
00001100
00001110
00001100
00001010
00010100
00010100
00001010
00010100
00010100
00010100
00010100
00010100
00010100
00010100
00010100
00010000
00010100
00010100
00010001
00010100
00010100
00010100
00010100
00010100
00010100
00010100
00010100
00010100
00010100
00010100
00010100
00010100
00010100
00010100
00010011